1 258.112
2 252.833
3 246.484
4 239.803
5 233.531
6 228.406
7 225.168
8 224.554
9 227.306
10 234.161
11 245.859
12 263.139
13 286.739
14 317.4
15 355.861
16 402.86
17 459.136
18 525.429
19 602.477
20 691.021
21 791.798
22 905.549
23 1033.01
24 1174.93
25 1332.03
26 1505.06
27 1694.25
28 1898.85
29 2118
30 2350.85
31 2596.54
32 2854.21
33 3123.01
34 3402.07
35 3690.54
36 3987.56
37 4292.28
38 4603.83
39 4921.36
40 5244.01
41 5570.93
42 5901.25
43 6234.12
44 6568.68
45 6904.07
46 7239.43
47 7573.92
48 7906.66
49 8236.81
50 8563.51
51 8885.95
52 9204.91
53 9522.69
54 9841.66
55 10164.2
56 10492.6
57 10829.4
58 11176.9
59 11537.4
60 11913.3
61 12307
62 12720.9
63 13157.3
64 13618.7
65 14107.3
66 14625.6
67 15175.9
68 15760.6
69 16382.1
70 17042.8
71 17744.9
72 18491
73 19283.3
74 20124.2
75 21016.2
76 20802.5
77 21661.9
78 22568.2
79 23523.5
80 24529.7
81 25588.8
82 26702.7
83 27873.4
84 29102.9
85 30393
86 31745.7
87 33163.1
88 34646.9
89 36199.3
90 37822.1
91 39517.3
92 41286.9
93 43132.8
94 45056.9
95 47061.3
96 49147.8
97 51318.5
98 53575.2
99 55919.9
100 58354.6
