0 1.52722
0.0606061 1.53346
0.121212 1.53446
0.181818 1.53131
0.242424 1.52513
0.30303 1.51704
0.363636 1.50813
0.424242 1.49951
0.484848 1.49231
0.545455 1.48762
0.606061 1.48656
0.666667 1.49023
0.727273 1.49975
0.787879 1.51623
0.848485 1.54077
0.909091 1.57448
0.969697 1.61848
1.0303 1.67387
1.09091 1.74177
1.15152 1.82328
1.21212 1.91951
1.27273 2.03157
1.33333 2.16057
1.39394 2.30762
1.45455 2.47384
1.51515 2.66031
1.57576 2.86721
1.63636 3.09288
1.69697 3.33542
1.75758 3.59299
1.81818 3.8637
1.87879 4.14568
1.93939 4.43705
2 4.73595
2.06061 5.0405
2.12121 5.34882
2.18182 5.65906
2.24242 5.96932
2.30303 6.27775
2.36364 6.58246
2.42424 6.88159
2.48485 7.17325
2.54545 7.45559
2.60606 7.72672
2.66667 7.98477
2.72727 8.22787
2.78788 8.45415
2.84848 8.66174
2.90909 8.84875
2.9697 9.01332
3.0303 9.15374
3.09091 9.27202
3.15152 9.37389
3.21212 9.46523
3.27273 9.55196
3.33333 9.63995
3.39394 9.7351
3.45455 9.8433
3.51515 9.97046
3.57576 10.1225
3.63636 10.3052
3.69697 10.5245
3.75758 10.7864
3.81818 11.0967
3.87879 11.4613
3.93939 11.8861
4 12.377
4.06061 12.9399
4.12121 13.5806
4.18182 14.3051
4.24242 15.1193
4.30303 16.0291
4.36364 17.0403
4.42424 18.1588
4.48485 19.3906
4.54545 20.7401
4.60606 22.1992
4.66667 23.7535
4.72727 25.3884
4.78788 27.0893
4.84848 28.8417
4.90909 30.6312
4.9697 32.443
5.0303 34.2628
5.09091 36.0758
5.15152 37.8677
5.21212 39.6238
5.27273 41.3296
5.33333 42.9705
5.39394 44.5321
5.45455 45.9997
5.51515 47.3589
5.57576 48.595
5.63636 49.6936
5.69697 50.64
5.75758 51.4198
5.81818 52.0184
5.87879 52.4212
5.93939 52.6137
6 52.5814
