5 45.5231
5.0101 46.4055
5.0202 47.1841
5.0303 47.8647
5.0404 48.453
5.05051 48.9548
5.06061 49.3759
5.07071 49.7219
5.08081 49.9987
5.09091 50.2119
5.10101 50.3673
5.11111 50.4707
5.12121 50.5277
5.13131 50.5442
5.14141 50.5258
5.15152 50.4784
5.16162 50.4076
5.17172 50.3192
5.18182 50.2189
5.19192 50.1125
5.20202 50.0057
5.21212 49.9043
5.22222 49.814
5.23232 49.7406
5.24242 49.6897
5.25253 49.6671
5.26263 49.6761
5.27273 49.7149
5.28283 49.7812
5.29293 49.8728
5.30303 49.9875
5.31313 50.123
5.32323 50.2769
5.33333 50.4472
5.34343 50.6315
5.35354 50.8275
5.36364 51.033
5.37374 51.2457
5.38384 51.4634
5.39394 51.6839
5.40404 51.9048
5.41414 52.1239
5.42424 52.3389
5.43434 52.5477
5.44444 52.7479
5.45455 52.9372
5.46465 53.1135
5.47475 53.2744
5.48485 53.4177
5.49495 53.5411
5.50505 53.6426
5.51515 53.722
5.52525 53.7819
5.53535 53.8245
5.54545 53.8522
5.55556 53.8676
5.56566 53.8728
5.57576 53.8705
5.58586 53.8629
5.59596 53.8525
5.60606 53.8417
5.61616 53.8328
5.62626 53.8283
5.63636 53.8306
5.64646 53.8421
5.65657 53.8652
5.66667 53.9022
5.67677 53.9556
5.68687 54.0279
5.69697 54.1213
5.70707 54.2383
5.71717 54.3813
5.72727 54.5527
5.73737 54.7549
5.74747 54.9903
5.75758 55.2606
5.76768 55.5618
5.77778 55.8866
5.78788 56.2279
5.79798 56.5785
5.80808 56.9313
5.81818 57.2791
5.82828 57.6147
5.83838 57.9309
5.84848 58.2206
5.85859 58.4767
5.86869 58.6919
5.87879 58.8591
5.88889 58.971
5.89899 59.0207
5.90909 59.0008
5.91919 58.9042
5.92929 58.7238
5.93939 58.4523
5.94949 58.0827
5.9596 57.6077
5.9697 57.0201
5.9798 56.3129
5.9899 55.4788
6 54.5107
