0 0.130417
0.0606061 0.162948
0.121212 0.198271
0.181818 0.236057
0.242424 0.275975
0.30303 0.317697
0.363636 0.360891
0.424242 0.40523
0.484848 0.450382
0.545455 0.496018
0.606061 0.541809
0.666667 0.587424
0.727273 0.632534
0.787879 0.67681
0.848485 0.719921
0.909091 0.761538
0.969697 0.801331
1.0303 0.83897
1.09091 0.874126
1.15152 0.906469
1.21212 0.935669
1.27273 0.961397
1.33333 0.983322
1.39394 1.00112
1.45455 1.01445
1.51515 1.02299
1.57576 1.02658
1.63636 1.02536
1.69697 1.01954
1.75758 1.00931
1.81818 0.994842
1.87879 0.976343
1.93939 0.954
2 0.928005
2.06061 0.898549
2.12121 0.865822
2.18182 0.830016
2.24242 0.791322
2.30303 0.749932
2.36364 0.706037
2.42424 0.659827
2.48485 0.611494
2.54545 0.56123
2.60606 0.509224
2.66667 0.45567
2.72727 0.400757
2.78788 0.344677
2.84848 0.287621
2.90909 0.229781
2.9697 0.171347
3.0303 0.11251
3.09091 0.0534628
3.15152 -0.00560519
3.21212 -0.0645028
3.27273 -0.123039
3.33333 -0.181023
3.39394 -0.238265
3.45455 -0.294572
3.51515 -0.349755
3.57576 -0.403623
3.63636 -0.455984
3.69697 -0.506648
3.75758 -0.555424
3.81818 -0.602122
3.87879 -0.646549
3.93939 -0.688516
4 -0.727832
4.06061 -0.764306
4.12121 -0.797747
4.18182 -0.827963
4.24242 -0.854765
4.30303 -0.877962
4.36364 -0.897362
4.42424 -0.912775
4.48485 -0.92401
4.54545 -0.930906
4.60606 -0.933567
4.66667 -0.932231
4.72727 -0.927138
4.78788 -0.918529
4.84848 -0.906643
4.90909 -0.891721
4.9697 -0.874002
5.0303 -0.853727
5.09091 -0.831134
5.15152 -0.806466
5.21212 -0.77996
5.27273 -0.751858
5.33333 -0.7224
5.39394 -0.691825
5.45455 -0.660373
5.51515 -0.628285
5.57576 -0.5958
5.63636 -0.563158
5.69697 -0.5306
5.75758 -0.498365
5.81818 -0.466694
5.87879 -0.435826
5.93939 -0.406002
6 -0.377461
