-2 128.043
-1.9596 126.404
-1.91919 124.04
-1.87879 121.006
-1.83838 117.356
-1.79798 113.144
-1.75758 108.425
-1.71717 103.253
-1.67677 97.6833
-1.63636 91.7698
-1.59596 85.5671
-1.55556 79.1298
-1.51515 72.5123
-1.47475 65.7691
-1.43434 58.9547
-1.39394 52.1235
-1.35354 45.3301
-1.31313 38.629
-1.27273 32.0746
-1.23232 25.7214
-1.19192 19.6239
-1.15152 13.8367
-1.11111 8.41409
-1.07071 3.41069
-1.0303 -1.11903
-0.989899 -5.12082
-0.949495 -8.56661
-0.909091 -11.4792
-0.868687 -13.8872
-0.828283 -15.8194
-0.787879 -17.3044
-0.747475 -18.3708
-0.707071 -19.0473
-0.666667 -19.3625
-0.626263 -19.3452
-0.585859 -19.0239
-0.545455 -18.4274
-0.505051 -17.5843
-0.464646 -16.5233
-0.424242 -15.2729
-0.383838 -13.8619
-0.343434 -12.319
-0.30303 -10.6728
-0.262626 -8.95188
-0.222222 -7.185
-0.181818 -5.40079
-0.141414 -3.62791
-0.10101 -1.89502
-0.0606061 -0.230779
-0.020202 1.33616
0.020202 2.77773
0.0606061 4.0797
0.10101 5.24167
0.141414 6.26383
0.181818 7.14639
0.222222 7.88953
0.262626 8.49346
0.30303 8.95836
0.343434 9.28444
0.383838 9.47189
0.424242 9.52091
0.464646 9.43169
0.505051 9.20443
0.545455 8.83933
0.585859 8.33658
0.626263 7.69638
0.666667 6.91892
0.707071 6.00441
0.747475 4.95303
0.787879 3.76498
0.828283 2.44047
0.868687 0.979676
0.909091 -0.617194
0.949495 -2.34994
0.989899 -4.21838
1.0303 -6.22114
1.07071 -8.34672
1.11111 -10.5784
1.15152 -12.8994
1.19192 -15.2929
1.23232 -17.7421
1.27273 -20.2304
1.31313 -22.7408
1.35354 -25.2567
1.39394 -27.7612
1.43434 -30.2376
1.47475 -32.6692
1.51515 -35.039
1.55556 -37.3304
1.59596 -39.5266
1.63636 -41.6108
1.67677 -43.5662
1.71717 -45.3761
1.75758 -47.0237
1.79798 -48.4921
1.83838 -49.7647
1.87879 -50.8247
1.91919 -51.6552
1.9596 -52.2395
2 -52.5608
