1 16.2844
2 13.5387
3 16.0983
4 24.0856
5 37.6229
6 56.8325
7 81.8368
8 112.758
9 149.718
10 192.84
11 242.246
12 298.058
13 360.399
14 429.39
15 505.155
16 587.815
17 677.492
18 774.31
19 878.39
20 989.855
21 1108.83
22 1235.43
23 1369.78
24 1512.01
25 1662.23
26 1800.69
27 1963.89
28 2135.05
29 2314.25
30 2501.59
31 2697.15
32 2901.03
33 3113.32
34 3334.12
35 3563.51
36 3801.6
37 4048.46
38 4304.19
39 4568.89
40 4842.64
41 5125.54
42 5417.68
43 5719.16
44 6030.06
45 6350.47
46 6680.5
47 7020.22
48 7369.74
49 7729.14
50 8098.52
51 8457.28
52 8843.41
53 9239.37
54 9645.23
55 10061.1
56 10486.9
57 10922.8
58 11368.9
59 11825.1
60 12291.7
61 12768.5
62 13255.8
63 13753.5
64 14261.7
65 14780.5
66 15309.9
67 15850.1
68 16400.9
69 16962.7
70 17535.3
71 18118.8
72 18713.4
73 19319
74 19935.7
75 20563.7
76 21181.4
77 21828.3
78 22486.2
79 23155.1
80 23835
81 24526
82 25228
83 25941.1
84 26665.4
85 27400.8
86 28147.5
87 28905.4
88 29674.6
89 30455
90 31246.8
91 32050
92 32864.5
93 33690.5
94 34528
95 35376.9
96 36237.3
97 37109.3
98 37992.9
99 38888.1
100 39795
