5 6600.58
5.0101 6678.86
5.0202 6754.16
5.0303 6826.68
5.0404 6896.63
5.05051 6964.23
5.06061 7029.68
5.07071 7093.19
5.08081 7154.99
5.09091 7215.28
5.10101 7274.27
5.11111 7332.17
5.12121 7389.19
5.13131 7445.55
5.14141 7501.46
5.15152 7557.12
5.16162 7612.75
5.17172 7668.57
5.18182 7724.77
5.19192 7781.58
5.20202 7839.21
5.21212 7897.86
5.22222 7957.75
5.23232 8019.09
5.24242 8082.09
5.25253 8066.34
5.26263 8119.6
5.27273 8173.48
5.28283 8228.08
5.29293 8283.48
5.30303 8339.77
5.31313 8397.04
5.32323 8455.38
5.33333 8514.87
5.34343 8575.61
5.35354 8637.69
5.36364 8701.18
5.37374 8766.19
5.38384 8832.81
5.39394 8901.11
5.40404 8971.19
5.41414 9043.13
5.42424 9117.04
5.43434 9192.98
5.44444 9271.06
5.45455 9351.37
5.46465 9433.98
5.47475 9519
5.48485 9606.5
5.49495 9696.58
5.50505 9705.44
5.51515 9786.84
5.52525 9869.39
5.53535 9953.04
5.54545 10037.8
5.55556 10123.5
5.56566 10210.3
5.57576 10298.1
5.58586 10386.8
5.59596 10476.4
5.60606 10566.8
5.61616 10658.2
5.62626 10750.3
5.63636 10843.2
5.64646 10936.8
5.65657 11031.1
5.66667 11126.1
5.67677 11221.7
5.68687 11318
5.69697 11414.8
5.70707 11512.1
5.71717 11610
5.72727 11708.3
5.73737 11807
5.74747 11906.1
5.75758 11918.4
5.76768 12003.7
5.77778 12087.6
5.78788 12169.9
5.79798 12250.5
5.80808 12329.1
5.81818 12405.7
5.82828 12480.1
5.83838 12552.1
5.84848 12621.5
5.85859 12688.3
5.86869 12752.3
5.87879 12813.2
5.88889 12871
5.89899 12925.5
5.90909 12976.5
5.91919 13023.9
5.92929 13067.5
5.93939 13107.2
5.94949 13142.8
5.9596 13174.1
5.9697 13201.1
5.9798 13223.4
5.9899 13241.1
6 13253.9
