5 7080.7
5.0101 7101.04
5.0202 7124.61
5.0303 7151.27
5.0404 7180.89
5.05051 7213.34
5.06061 7248.49
5.07071 7286.2
5.08081 7326.35
5.09091 7368.8
5.10101 7413.43
5.11111 7460.09
5.12121 7508.65
5.13131 7559
5.14141 7610.98
5.15152 7664.48
5.16162 7719.36
5.17172 7775.49
5.18182 7832.73
5.19192 7890.96
5.20202 7950.05
5.21212 8009.85
5.22222 8070.25
5.23232 8131.1
5.24242 8192.28
5.25253 8294.84
5.26263 8363.27
5.27273 8432.49
5.28283 8502.42
5.29293 8573
5.30303 8644.15
5.31313 8715.82
5.32323 8787.92
5.33333 8860.4
5.34343 8933.17
5.35354 9006.18
5.36364 9079.35
5.37374 9152.61
5.38384 9225.9
5.39394 9299.14
5.40404 9372.27
5.41414 9445.22
5.42424 9517.91
5.43434 9590.29
5.44444 9662.27
5.45455 9733.8
5.46465 9804.79
5.47475 9875.19
5.48485 9944.93
5.49495 10013.9
5.50505 10125
5.51515 10199.5
5.52525 10273.9
5.53535 10348.3
5.54545 10422.6
5.55556 10496.8
5.56566 10570.9
5.57576 10644.8
5.58586 10718.7
5.59596 10792.5
5.60606 10866.1
5.61616 10939.6
5.62626 11012.9
5.63636 11086.1
5.64646 11159.2
5.65657 11232.1
5.66667 11304.8
5.67677 11377.4
5.68687 11449.7
5.69697 11521.9
5.70707 11594
5.71717 11665.8
5.72727 11737.4
5.73737 11808.8
5.74747 11879.9
5.75758 11995.5
5.76768 12073.6
5.77778 12152.4
5.78788 12231.9
5.79798 12312.2
5.80808 12393.2
5.81818 12475.2
5.82828 12558.1
5.83838 12641.9
5.84848 12726.8
5.85859 12812.8
5.86869 12900
5.87879 12988.3
5.88889 13078
5.89899 13168.9
5.90909 13261.3
5.91919 13355
5.92929 13450.3
5.93939 13547.1
5.94949 13645.5
5.9596 13745.6
5.9697 13847.4
5.9798 13950.9
5.9899 14056.3
6 14163.6
