5 6313.3
5.0101 6424.51
5.0202 6532.12
5.0303 6636.33
5.0404 6737.35
5.05051 6835.37
5.06061 6930.61
5.07071 7023.25
5.08081 7113.5
5.09091 7201.56
5.10101 7287.63
5.11111 7371.91
5.12121 7454.61
5.13131 7535.92
5.14141 7616.05
5.15152 7695.2
5.16162 7773.56
5.17172 7851.34
5.18182 7928.74
5.19192 8005.97
5.20202 8083.21
5.21212 8160.68
5.22222 8238.58
5.23232 8317.1
5.24242 8396.45
5.25253 8410.86
5.26263 8481.27
5.27273 8551.73
5.28283 8622.36
5.29293 8693.25
5.30303 8764.51
5.31313 8836.23
5.32323 8908.53
5.33333 8981.49
5.34343 9055.22
5.35354 9129.82
5.36364 9205.39
5.37374 9282.03
5.38384 9359.84
5.39394 9438.93
5.40404 9519.39
5.41414 9601.32
5.42424 9684.83
5.43434 9770.02
5.44444 9856.98
5.45455 9945.82
5.46465 10036.6
5.47475 10129.5
5.48485 10224.6
5.49495 10322
5.50505 10353.1
5.51515 10443.8
5.52525 10535.7
5.53535 10628.7
5.54545 10723
5.55556 10818.4
5.56566 10915.1
5.57576 11012.9
5.58586 11112
5.59596 11212.2
5.60606 11313.6
5.61616 11416.3
5.62626 11520.1
5.63636 11625.1
5.64646 11731.3
5.65657 11838.7
5.66667 11947.3
5.67677 12057.2
5.68687 12168.2
5.69697 12280.4
5.70707 12393.8
5.71717 12508.4
5.72727 12624.2
5.73737 12741.2
5.74747 12859.5
5.75758 12907.5
5.76768 13016.2
5.77778 13124.8
5.78788 13233
5.79798 13340.8
5.80808 13448.1
5.81818 13554.8
5.82828 13660.8
5.83838 13765.9
5.84848 13870.2
5.85859 13973.4
5.86869 14075.6
5.87879 14176.5
5.88889 14276.1
5.89899 14374.3
5.90909 14471
5.91919 14566.1
5.92929 14659.5
5.93939 14751
5.94949 14840.7
5.9596 14928.3
5.9697 15013.8
5.9798 15097.2
5.9899 15178.2
6 15256.8
