0 0.671192
0.0606061 0.768867
0.121212 0.868734
0.181818 0.970484
0.242424 1.0738
0.30303 1.17838
0.363636 1.28391
0.424242 1.39008
0.484848 1.49658
0.545455 1.60309
0.606061 1.7093
0.666667 1.81491
0.727273 1.91961
0.787879 2.02307
0.848485 2.125
0.909091 2.22507
0.969697 2.32299
1.0303 2.41844
1.09091 2.5111
1.15152 2.60067
1.21212 2.68683
1.27273 2.76928
1.33333 2.8477
1.39394 2.92179
1.45455 2.99122
1.51515 3.41391
1.57576 3.53396
1.63636 3.65585
1.69697 3.77981
1.75758 3.90608
1.81818 4.0349
1.87879 4.16648
1.93939 4.30108
2 4.43892
2.06061 4.58024
2.12121 4.72527
2.18182 4.87424
2.24242 5.02739
2.30303 5.18495
2.36364 5.34715
2.42424 5.51424
2.48485 5.68644
2.54545 5.86398
2.60606 6.04711
2.66667 6.23604
2.72727 6.43103
2.78788 6.6323
2.84848 6.84008
2.90909 7.05461
2.9697 7.27613
3.0303 7.87761
3.09091 8.17644
3.15152 8.49051
3.21212 8.8206
3.27273 9.16748
3.33333 9.53195
3.39394 9.91477
3.45455 10.3167
3.51515 10.7386
3.57576 11.1811
3.63636 11.6452
3.69697 12.1315
3.75758 12.6408
3.81818 13.1739
3.87879 13.7315
3.93939 14.3146
4 14.9238
4.06061 15.5599
4.12121 16.2237
4.18182 16.916
4.24242 17.6375
4.30303 18.3891
4.36364 19.1715
4.42424 19.9854
4.48485 20.8318
4.54545 22.099
4.60606 23.0769
4.66667 24.0971
4.72727 25.1611
4.78788 26.2702
4.84848 27.4256
4.90909 28.6287
4.9697 29.8808
5.0303 31.1833
5.09091 32.5374
5.15152 33.9445
5.21212 35.4059
5.27273 36.9229
5.33333 38.4969
5.39394 40.1291
5.45455 41.821
5.51515 43.5738
5.57576 45.3888
5.63636 47.2674
5.69697 49.2108
5.75758 51.2205
5.81818 53.2978
5.87879 55.4438
5.93939 57.6601
6 59.9479
