5 47.8705
5.0101 48.0005
5.0202 48.1266
5.0303 48.2489
5.0404 48.3679
5.05051 48.4836
5.06061 48.5963
5.07071 48.7063
5.08081 48.8138
5.09091 48.9191
5.10101 49.0224
5.11111 49.1239
5.12121 49.2239
5.13131 49.3227
5.14141 49.4204
5.15152 49.5174
5.16162 49.6138
5.17172 49.7099
5.18182 49.806
5.19192 49.9022
5.20202 49.9989
5.21212 50.0963
5.22222 50.1946
5.23232 50.2941
5.24242 50.395
5.25253 50.4081
5.26263 50.4974
5.27273 50.5869
5.28283 50.6768
5.29293 50.7673
5.30303 50.8583
5.31313 50.9501
5.32323 51.0427
5.33333 51.1362
5.34343 51.2307
5.35354 51.3264
5.36364 51.4234
5.37374 51.5217
5.38384 51.6215
5.39394 51.7229
5.40404 51.826
5.41414 51.9308
5.42424 52.0376
5.43434 52.1464
5.44444 52.2572
5.45455 52.3703
5.46465 52.4858
5.47475 52.6036
5.48485 52.7241
5.49495 52.8471
5.50505 52.8799
5.51515 52.993
5.52525 53.1071
5.53535 53.2223
5.54545 53.3386
5.55556 53.4558
5.56566 53.574
5.57576 53.6932
5.58586 53.8133
5.59596 53.9342
5.60606 54.0561
5.61616 54.1787
5.62626 54.3022
5.63636 54.4264
5.64646 54.5514
5.65657 54.6771
5.66667 54.8035
5.67677 54.9306
5.68687 55.0582
5.69697 55.1865
5.70707 55.3154
5.71717 55.4448
5.72727 55.5747
5.73737 55.7052
5.74747 55.836
5.75758 55.8706
5.76768 55.9862
5.77778 56.1003
5.78788 56.2127
5.79798 56.3232
5.80808 56.4316
5.81818 56.5379
5.82828 56.6418
5.83838 56.7431
5.84848 56.8418
5.85859 56.9376
5.86869 57.0304
5.87879 57.12
5.88889 57.2062
5.89899 57.2889
5.90909 57.368
5.91919 57.4432
5.92929 57.5143
5.93939 57.5813
5.94949 57.644
5.9596 57.7022
5.9697 57.7557
5.9798 57.8043
5.9899 57.848
6 57.8865
