0 -0.15204
0.0606061 -0.0484526
0.121212 0.0496426
0.181818 0.142325
0.242424 0.229674
0.30303 0.311768
0.363636 0.388686
0.424242 0.460508
0.484848 0.527313
0.545455 0.589179
0.606061 0.646187
0.666667 0.698414
0.727273 0.745941
0.787879 0.788846
0.848485 0.827208
0.909091 0.861106
0.969697 0.89062
1.0303 0.915829
1.09091 0.936812
1.15152 0.953647
1.21212 0.966414
1.27273 0.975193
1.33333 0.980061
1.39394 0.981099
1.45455 0.978385
1.51515 0.988315
1.57576 0.981107
1.63636 0.970722
1.69697 0.957265
1.75758 0.94084
1.81818 0.92155
1.87879 0.899499
1.93939 0.874792
2 0.847532
2.06061 0.817824
2.12121 0.78577
2.18182 0.751475
2.24242 0.715044
2.30303 0.676579
2.36364 0.636185
2.42424 0.593965
2.48485 0.550025
2.54545 0.504466
2.60606 0.457394
2.66667 0.408913
2.72727 0.359125
2.78788 0.308136
2.84848 0.256049
2.90909 0.202968
2.9697 0.148997
3.0303 0.111218
3.09091 0.058632
3.15152 0.0058119
3.21212 -0.0471136
3.27273 -0.100016
3.33333 -0.152766
3.39394 -0.205235
3.45455 -0.257295
3.51515 -0.308816
3.57576 -0.35967
3.63636 -0.409729
3.69697 -0.458863
3.75758 -0.506944
3.81818 -0.553843
3.87879 -0.599431
3.93939 -0.64358
4 -0.686161
4.06061 -0.727045
4.12121 -0.766103
4.18182 -0.803208
4.24242 -0.838229
4.30303 -0.871038
4.36364 -0.901507
4.42424 -0.929507
4.48485 -0.954909
4.54545 -0.959923
4.60606 -0.976805
4.66667 -0.990353
4.72727 -1.00041
4.78788 -1.00683
4.84848 -1.00945
4.90909 -1.00813
4.9697 -1.0027
5.0303 -0.993017
5.09091 -0.978923
5.15152 -0.960267
5.21212 -0.936895
5.27273 -0.908653
5.33333 -0.875387
5.39394 -0.836944
5.45455 -0.793171
5.51515 -0.743913
5.57576 -0.689018
5.63636 -0.628331
5.69697 -0.5617
5.75758 -0.488971
5.81818 -0.40999
5.87879 -0.324603
5.93939 -0.232658
6 -0.134
