0 -0.106038
0.0606061 -0.00225175
0.121212 0.0956801
0.181818 0.187867
0.242424 0.274418
0.30303 0.355443
0.363636 0.43105
0.424242 0.50135
0.484848 0.566451
0.545455 0.626463
0.606061 0.681494
0.666667 0.731655
0.727273 0.777055
0.787879 0.817802
0.848485 0.854007
0.909091 0.885778
0.969697 0.913225
1.0303 0.936456
1.09091 0.955582
1.15152 0.970711
1.21212 0.981954
1.27273 0.989418
1.33333 0.993213
1.39394 0.99345
1.45455 0.990236
1.51515 0.987262
1.57576 0.978084
1.63636 0.965858
1.69697 0.950699
1.75758 0.932721
1.81818 0.91204
1.87879 0.888769
1.93939 0.863024
2 0.834919
2.06061 0.80457
2.12121 0.77209
2.18182 0.737595
2.24242 0.701199
2.30303 0.663017
2.36364 0.623163
2.42424 0.581753
2.48485 0.538902
2.54545 0.494723
2.60606 0.449332
2.66667 0.402843
2.72727 0.355371
2.78788 0.307031
2.84848 0.257938
2.90909 0.208206
2.9697 0.157949
3.0303 0.111009
3.09091 0.0606756
3.15152 0.0102374
3.21212 -0.0401849
3.27273 -0.0904711
3.33333 -0.140501
3.39394 -0.190155
3.45455 -0.239312
3.51515 -0.287852
3.57576 -0.335655
3.63636 -0.382602
3.69697 -0.428571
3.75758 -0.473442
3.81818 -0.517096
3.87879 -0.559413
3.93939 -0.600271
4 -0.639551
4.06061 -0.677133
4.12121 -0.712896
4.18182 -0.746721
4.24242 -0.778487
4.30303 -0.808074
4.36364 -0.835362
4.42424 -0.860231
4.48485 -0.88256
4.54545 -0.898354
4.60606 -0.914599
4.66667 -0.927867
4.72727 -0.938033
4.78788 -0.94497
4.84848 -0.948554
4.90909 -0.948658
4.9697 -0.945158
5.0303 -0.937927
5.09091 -0.926839
5.15152 -0.91177
5.21212 -0.892593
5.27273 -0.869183
5.33333 -0.841415
5.39394 -0.809162
5.45455 -0.7723
5.51515 -0.730701
5.57576 -0.684242
5.63636 -0.632796
5.69697 -0.576237
5.75758 -0.514441
5.81818 -0.447281
5.87879 -0.374632
5.93939 -0.296368
6 -0.212363
