0 -0.0389374
0.0606061 0.0666326
0.121212 0.165931
0.181818 0.259091
0.242424 0.346244
0.30303 0.427522
0.363636 0.503059
0.424242 0.572987
0.484848 0.637437
0.545455 0.696544
0.606061 0.750438
0.666667 0.799253
0.727273 0.84312
0.787879 0.882173
0.848485 0.916544
0.909091 0.946364
0.969697 0.971768
1.0303 0.992886
1.09091 1.00985
1.15152 1.0228
1.21212 1.03186
1.27273 1.03716
1.33333 1.03884
1.39394 1.03703
1.45455 1.03186
1.51515 1.01951
1.57576 1.00735
1.63636 0.992152
1.69697 0.974035
1.75758 0.953129
1.81818 0.929559
1.87879 0.903452
1.93939 0.874934
2 0.844133
2.06061 0.811174
2.12121 0.776184
2.18182 0.739289
2.24242 0.700616
2.30303 0.66029
2.36364 0.61844
2.42424 0.57519
2.48485 0.530668
2.54545 0.484999
2.60606 0.438311
2.66667 0.390729
2.72727 0.34238
2.78788 0.293391
2.84848 0.243887
2.90909 0.193996
2.9697 0.143844
3.0303 0.0894398
3.09091 0.0384523
3.15152 -0.0125008
3.21212 -0.0632989
3.27273 -0.113822
3.33333 -0.163949
3.39394 -0.21356
3.45455 -0.262534
3.51515 -0.310752
3.57576 -0.358092
3.63636 -0.404434
3.69697 -0.449658
3.75758 -0.493644
3.81818 -0.536271
3.87879 -0.577418
3.93939 -0.616965
4 -0.654793
4.06061 -0.690779
4.12121 -0.724805
4.18182 -0.756749
4.24242 -0.786492
4.30303 -0.813912
4.36364 -0.83889
4.42424 -0.861304
4.48485 -0.881035
4.54545 -0.902245
4.60606 -0.91696
4.66667 -0.928716
4.72727 -0.937397
4.78788 -0.94289
4.84848 -0.945081
4.90909 -0.943854
4.9697 -0.939095
5.0303 -0.93069
5.09091 -0.918525
5.15152 -0.902485
5.21212 -0.882456
5.27273 -0.858324
5.33333 -0.829973
5.39394 -0.79729
5.45455 -0.760161
5.51515 -0.71847
5.57576 -0.672104
5.63636 -0.620947
5.69697 -0.564887
5.75758 -0.503808
5.81818 -0.437595
5.87879 -0.366136
5.93939 -0.289314
6 -0.207016
