-2 157.816
-1.9596 146.271
-1.91919 135.293
-1.87879 124.866
-1.83838 114.972
-1.79798 105.595
-1.75758 96.7171
-1.71717 88.3224
-1.67677 80.3935
-1.63636 72.9135
-1.59596 65.8654
-1.55556 59.2323
-1.51515 52.9972
-1.47475 47.1432
-1.43434 41.6534
-1.39394 36.5108
-1.35354 31.6984
-1.31313 27.1994
-1.27273 22.9968
-1.23232 19.0736
-1.19192 15.4129
-1.15152 11.9977
-1.11111 8.81119
-1.07071 5.83633
-1.0303 3.0562
-0.989899 3.81258
-0.949495 1.94157
-0.909091 0.284055
-0.868687 -1.17181
-0.828283 -2.43785
-0.787879 -3.52591
-0.747475 -4.44782
-0.707071 -5.21542
-0.666667 -5.84053
-0.626263 -6.335
-0.585859 -6.71066
-0.545455 -6.97934
-0.505051 -7.15289
-0.464646 -7.24313
-0.424242 -7.2619
-0.383838 -7.22103
-0.343434 -7.13237
-0.30303 -7.00774
-0.262626 -6.85898
-0.222222 -6.69793
-0.181818 -6.53642
-0.141414 -6.38629
-0.10101 -6.25936
-0.0606061 -6.16748
-0.020202 -6.12248
0.020202 -2.6411
0.0606061 -2.13797
0.10101 -1.64635
0.141414 -1.17298
0.181818 -0.724593
0.222222 -0.307905
0.262626 0.0703504
0.30303 0.403447
0.343434 0.684657
0.383838 0.907253
0.424242 1.06451
0.464646 1.14969
0.505051 1.15608
0.545455 1.07694
0.585859 0.90555
0.626263 0.635179
0.666667 0.259101
0.707071 -0.229413
0.747475 -0.83709
0.787879 -1.57066
0.828283 -2.43684
0.868687 -3.44238
0.909091 -4.59398
0.949495 -5.89839
0.989899 -7.36233
1.0303 -5.35693
1.07071 -6.55547
1.11111 -7.86157
1.15152 -9.27687
1.19192 -10.803
1.23232 -12.4415
1.27273 -14.1941
1.31313 -16.0623
1.35354 -18.0479
1.39394 -20.1524
1.43434 -22.3773
1.47475 -24.7245
1.51515 -27.1954
1.55556 -29.7917
1.59596 -32.515
1.63636 -35.367
1.67677 -38.3492
1.71717 -41.4633
1.75758 -44.7108
1.79798 -48.0935
1.83838 -51.613
1.87879 -55.2707
1.91919 -59.0685
1.9596 -63.0078
2 -67.0904
